-0.000000 30.000000 -145.623059 -0.000000 -30.000000 -145.623059 -49.754545 0.000000 -130.259090 0.70 0.70 0.70
-48.541020 60.000000 -127.082039 -0.000000 30.000000 -145.623059 -49.754545 0.000000 -130.259090 0.70 0.70 0.70
-97.082039 30.000000 -108.541020 -48.541020 60.000000 -127.082039 -49.754545 0.000000 -130.259090 0.70 0.70 0.70
-97.082039 -30.000000 -108.541020 -97.082039 30.000000 -108.541020 -49.754545 0.000000 -130.259090 0.70 0.70 0.70
-48.541020 -60.000000 -127.082039 -97.082039 -30.000000 -108.541020 -49.754545 0.000000 -130.259090 0.70 0.70 0.70
-0.000000 -30.000000 -145.623059 -48.541020 -60.000000 -127.082039 -49.754545 0.000000 -130.259090 0.70 0.70 0.70
-0.000000 -30.000000 -145.623059 -0.000000 30.000000 -145.623059 49.754545 0.000000 -130.259090 0.70 0.70 0.70
-0.000000 30.000000 -145.623059 48.541020 60.000000 -127.082039 49.754545 0.000000 -130.259090 0.70 0.70 0.70
48.541020 60.000000 -127.082039 97.082039 30.000000 -108.541020 49.754545 0.000000 -130.259090 0.70 0.70 0.70
97.082039 30.000000 -108.541020 97.082039 -30.000000 -108.541020 49.754545 0.000000 -130.259090 0.70 0.70 0.70
97.082039 -30.000000 -108.541020 48.541020 -60.000000 -127.082039 49.754545 0.000000 -130.259090 0.70 0.70 0.70
48.541020 -60.000000 -127.082039 -0.000000 -30.000000 -145.623059 49.754545 0.000000 -130.259090 0.70 0.70 0.70
-48.541020 -60.000000 -127.082039 -0.000000 -30.000000 -145.623059 0.000000 -75.251818 -121.759999 0.30 0.30 0.30
-30.000000 -108.541020 -97.082039 -48.541020 -60.000000 -127.082039 0.000000 -75.251818 -121.759999 0.30 0.30 0.30
30.000000 -108.541020 -97.082039 -30.000000 -108.541020 -97.082039 0.000000 -75.251818 -121.759999 0.30 0.30 0.30
48.541020 -60.000000 -127.082039 30.000000 -108.541020 -97.082039 0.000000 -75.251818 -121.759999 0.30 0.30 0.30
-0.000000 -30.000000 -145.623059 48.541020 -60.000000 -127.082039 0.000000 -75.251818 -121.759999 0.30 0.30 0.30
-0.000000 30.000000 -145.623059 -48.541020 60.000000 -127.082039 0.000000 75.251818 -121.759999 0.30 0.30 0.30
-48.541020 60.000000 -127.082039 -30.000000 108.541020 -97.082039 0.000000 75.251818 -121.759999 0.30 0.30 0.30
-30.000000 108.541020 -97.082039 30.000000 108.541020 -97.082039 0.000000 75.251818 -121.759999 0.30 0.30 0.30
30.000000 108.541020 -97.082039 48.541020 60.000000 -127.082039 0.000000 75.251818 -121.759999 0.30 0.30 0.30
48.541020 60.000000 -127.082039 -0.000000 30.000000 -145.623059 0.000000 75.251818 -121.759999 0.30 0.30 0.30
-0.000000 -30.000000 145.623059 -0.000000 30.000000 145.623059 -49.754545 0.000000 130.259090 0.70 0.70 0.70
-0.000000 30.000000 145.623059 -48.541020 60.000000 127.082039 -49.754545 0.000000 130.259090 0.70 0.70 0.70
-48.541020 60.000000 127.082039 -97.082039 30.000000 108.541020 -49.754545 0.000000 130.259090 0.70 0.70 0.70
-97.082039 30.000000 108.541020 -97.082039 -30.000000 108.541020 -49.754545 0.000000 130.259090 0.70 0.70 0.70
-97.082039 -30.000000 108.541020 -48.541020 -60.000000 127.082039 -49.754545 0.000000 130.259090 0.70 0.70 0.70
-48.541020 -60.000000 127.082039 -0.000000 -30.000000 145.623059 -49.754545 0.000000 130.259090 0.70 0.70 0.70
-0.000000 30.000000 145.623059 -0.000000 -30.000000 145.623059 49.754545 0.000000 130.259090 0.70 0.70 0.70
48.541020 60.000000 127.082039 -0.000000 30.000000 145.623059 49.754545 0.000000 130.259090 0.70 0.70 0.70
97.082039 30.000000 108.541020 48.541020 60.000000 127.082039 49.754545 0.000000 130.259090 0.70 0.70 0.70
97.082039 -30.000000 108.541020 97.082039 30.000000 108.541020 49.754545 0.000000 130.259090 0.70 0.70 0.70
48.541020 -60.000000 127.082039 97.082039 -30.000000 108.541020 49.754545 0.000000 130.259090 0.70 0.70 0.70
-0.000000 -30.000000 145.623059 48.541020 -60.000000 127.082039 49.754545 0.000000 130.259090 0.70 0.70 0.70
-0.000000 -30.000000 145.623059 -48.541020 -60.000000 127.082039 0.000000 -75.251818 121.759999 0.30 0.30 0.30
-48.541020 -60.000000 127.082039 -30.000000 -108.541020 97.082039 0.000000 -75.251818 121.759999 0.30 0.30 0.30
-30.000000 -108.541020 97.082039 30.000000 -108.541020 97.082039 0.000000 -75.251818 121.759999 0.30 0.30 0.30
30.000000 -108.541020 97.082039 48.541020 -60.000000 127.082039 0.000000 -75.251818 121.759999 0.30 0.30 0.30
48.541020 -60.000000 127.082039 -0.000000 -30.000000 145.623059 0.000000 -75.251818 121.759999 0.30 0.30 0.30
-48.541020 60.000000 127.082039 -0.000000 30.000000 145.623059 0.000000 75.251818 121.759999 0.30 0.30 0.30
-30.000000 108.541020 97.082039 -48.541020 60.000000 127.082039 0.000000 75.251818 121.759999 0.30 0.30 0.30
30.000000 108.541020 97.082039 -30.000000 108.541020 97.082039 0.000000 75.251818 121.759999 0.30 0.30 0.30
48.541020 60.000000 127.082039 30.000000 108.541020 97.082039 0.000000 75.251818 121.759999 0.30 0.30 0.30
-0.000000 30.000000 145.623059 48.541020 60.000000 127.082039 0.000000 75.251818 121.759999 0.30 0.30 0.30
30.000000 -145.623059 -0.000000 -30.000000 -145.623059 -0.000000 0.000000 -130.259090 -49.754545 0.70 0.70 0.70
60.000000 -127.082039 -48.541020 30.000000 -145.623059 -0.000000 0.000000 -130.259090 -49.754545 0.70 0.70 0.70
30.000000 -108.541020 -97.082039 60.000000 -127.082039 -48.541020 0.000000 -130.259090 -49.754545 0.70 0.70 0.70
-30.000000 -108.541020 -97.082039 30.000000 -108.541020 -97.082039 0.000000 -130.259090 -49.754545 0.70 0.70 0.70
-60.000000 -127.082039 -48.541020 -30.000000 -108.541020 -97.082039 0.000000 -130.259090 -49.754545 0.70 0.70 0.70
-30.000000 -145.623059 -0.000000 -60.000000 -127.082039 -48.541020 0.000000 -130.259090 -49.754545 0.70 0.70 0.70
-30.000000 -145.623059 -0.000000 30.000000 -145.623059 -0.000000 0.000000 -130.259090 49.754545 0.70 0.70 0.70
30.000000 -145.623059 -0.000000 60.000000 -127.082039 48.541020 0.000000 -130.259090 49.754545 0.70 0.70 0.70
60.000000 -127.082039 48.541020 30.000000 -108.541020 97.082039 0.000000 -130.259090 49.754545 0.70 0.70 0.70
30.000000 -108.541020 97.082039 -30.000000 -108.541020 97.082039 0.000000 -130.259090 49.754545 0.70 0.70 0.70
-30.000000 -108.541020 97.082039 -60.000000 -127.082039 48.541020 0.000000 -130.259090 49.754545 0.70 0.70 0.70
-60.000000 -127.082039 48.541020 -30.000000 -145.623059 -0.000000 0.000000 -130.259090 49.754545 0.70 0.70 0.70
-60.000000 -127.082039 -48.541020 -30.000000 -145.623059 -0.000000 -75.251818 -121.759999 0.000000 0.30 0.30 0.30
-108.541020 -97.082039 -30.000000 -60.000000 -127.082039 -48.541020 -75.251818 -121.759999 0.000000 0.30 0.30 0.30
-108.541020 -97.082039 30.000000 -108.541020 -97.082039 -30.000000 -75.251818 -121.759999 0.000000 0.30 0.30 0.30
-60.000000 -127.082039 48.541020 -108.541020 -97.082039 30.000000 -75.251818 -121.759999 0.000000 0.30 0.30 0.30
-30.000000 -145.623059 -0.000000 -60.000000 -127.082039 48.541020 -75.251818 -121.759999 0.000000 0.30 0.30 0.30
30.000000 -145.623059 -0.000000 60.000000 -127.082039 -48.541020 75.251818 -121.759999 0.000000 0.30 0.30 0.30
60.000000 -127.082039 -48.541020 108.541020 -97.082039 -30.000000 75.251818 -121.759999 0.000000 0.30 0.30 0.30
108.541020 -97.082039 -30.000000 108.541020 -97.082039 30.000000 75.251818 -121.759999 0.000000 0.30 0.30 0.30
108.541020 -97.082039 30.000000 60.000000 -127.082039 48.541020 75.251818 -121.759999 0.000000 0.30 0.30 0.30
60.000000 -127.082039 48.541020 30.000000 -145.623059 -0.000000 75.251818 -121.759999 0.000000 0.30 0.30 0.30
-30.000000 145.623059 -0.000000 30.000000 145.623059 -0.000000 0.000000 130.259090 -49.754545 0.70 0.70 0.70
30.000000 145.623059 -0.000000 60.000000 127.082039 -48.541020 0.000000 130.259090 -49.754545 0.70 0.70 0.70
60.000000 127.082039 -48.541020 30.000000 108.541020 -97.082039 0.000000 130.259090 -49.754545 0.70 0.70 0.70
30.000000 108.541020 -97.082039 -30.000000 108.541020 -97.082039 0.000000 130.259090 -49.754545 0.70 0.70 0.70
-30.000000 108.541020 -97.082039 -60.000000 127.082039 -48.541020 0.000000 130.259090 -49.754545 0.70 0.70 0.70
-60.000000 127.082039 -48.541020 -30.000000 145.623059 -0.000000 0.000000 130.259090 -49.754545 0.70 0.70 0.70
30.000000 145.623059 -0.000000 -30.000000 145.623059 -0.000000 0.000000 130.259090 49.754545 0.70 0.70 0.70
60.000000 127.082039 48.541020 30.000000 145.623059 -0.000000 0.000000 130.259090 49.754545 0.70 0.70 0.70
30.000000 108.541020 97.082039 60.000000 127.082039 48.541020 0.000000 130.259090 49.754545 0.70 0.70 0.70
-30.000000 108.541020 97.082039 30.000000 108.541020 97.082039 0.000000 130.259090 49.754545 0.70 0.70 0.70
-60.000000 127.082039 48.541020 -30.000000 108.541020 97.082039 0.000000 130.259090 49.754545 0.70 0.70 0.70
-30.000000 145.623059 -0.000000 -60.000000 127.082039 48.541020 0.000000 130.259090 49.754545 0.70 0.70 0.70
-30.000000 145.623059 -0.000000 -60.000000 127.082039 -48.541020 -75.251818 121.759999 0.000000 0.30 0.30 0.30
-60.000000 127.082039 -48.541020 -108.541020 97.082039 -30.000000 -75.251818 121.759999 0.000000 0.30 0.30 0.30
-108.541020 97.082039 -30.000000 -108.541020 97.082039 30.000000 -75.251818 121.759999 0.000000 0.30 0.30 0.30
-108.541020 97.082039 30.000000 -60.000000 127.082039 48.541020 -75.251818 121.759999 0.000000 0.30 0.30 0.30
-60.000000 127.082039 48.541020 -30.000000 145.623059 -0.000000 -75.251818 121.759999 0.000000 0.30 0.30 0.30
60.000000 127.082039 -48.541020 30.000000 145.623059 -0.000000 75.251818 121.759999 0.000000 0.30 0.30 0.30
108.541020 97.082039 -30.000000 60.000000 127.082039 -48.541020 75.251818 121.759999 0.000000 0.30 0.30 0.30
108.541020 97.082039 30.000000 108.541020 97.082039 -30.000000 75.251818 121.759999 0.000000 0.30 0.30 0.30
60.000000 127.082039 48.541020 108.541020 97.082039 30.000000 75.251818 121.759999 0.000000 0.30 0.30 0.30
30.000000 145.623059 -0.000000 60.000000 127.082039 48.541020 75.251818 121.759999 0.000000 0.30 0.30 0.30
-145.623059 -0.000000 30.000000 -145.623059 -0.000000 -30.000000 -130.259090 -49.754545 0.000000 0.70 0.70 0.70
-127.082039 -48.541020 60.000000 -145.623059 -0.000000 30.000000 -130.259090 -49.754545 0.000000 0.70 0.70 0.70
-108.541020 -97.082039 30.000000 -127.082039 -48.541020 60.000000 -130.259090 -49.754545 0.000000 0.70 0.70 0.70
-108.541020 -97.082039 -30.000000 -108.541020 -97.082039 30.000000 -130.259090 -49.754545 0.000000 0.70 0.70 0.70
-127.082039 -48.541020 -60.000000 -108.541020 -97.082039 -30.000000 -130.259090 -49.754545 0.000000 0.70 0.70 0.70
-145.623059 -0.000000 -30.000000 -127.082039 -48.541020 -60.000000 -130.259090 -49.754545 0.000000 0.70 0.70 0.70
-145.623059 -0.000000 -30.000000 -145.623059 -0.000000 30.000000 -130.259090 49.754545 0.000000 0.70 0.70 0.70
-145.623059 -0.000000 30.000000 -127.082039 48.541020 60.000000 -130.259090 49.754545 0.000000 0.70 0.70 0.70
-127.082039 48.541020 60.000000 -108.541020 97.082039 30.000000 -130.259090 49.754545 0.000000 0.70 0.70 0.70
-108.541020 97.082039 30.000000 -108.541020 97.082039 -30.000000 -130.259090 49.754545 0.000000 0.70 0.70 0.70
-108.541020 97.082039 -30.000000 -127.082039 48.541020 -60.000000 -130.259090 49.754545 0.000000 0.70 0.70 0.70
-127.082039 48.541020 -60.000000 -145.623059 -0.000000 -30.000000 -130.259090 49.754545 0.000000 0.70 0.70 0.70
-127.082039 -48.541020 -60.000000 -145.623059 -0.000000 -30.000000 -121.759999 0.000000 -75.251818 0.30 0.30 0.30
-97.082039 -30.000000 -108.541020 -127.082039 -48.541020 -60.000000 -121.759999 0.000000 -75.251818 0.30 0.30 0.30
-97.082039 30.000000 -108.541020 -97.082039 -30.000000 -108.541020 -121.759999 0.000000 -75.251818 0.30 0.30 0.30
-127.082039 48.541020 -60.000000 -97.082039 30.000000 -108.541020 -121.759999 0.000000 -75.251818 0.30 0.30 0.30
-145.623059 -0.000000 -30.000000 -127.082039 48.541020 -60.000000 -121.759999 0.000000 -75.251818 0.30 0.30 0.30
145.623059 -0.000000 -30.000000 145.623059 -0.000000 30.000000 130.259090 -49.754545 0.000000 0.70 0.70 0.70
145.623059 -0.000000 30.000000 127.082039 -48.541020 60.000000 130.259090 -49.754545 0.000000 0.70 0.70 0.70
127.082039 -48.541020 60.000000 108.541020 -97.082039 30.000000 130.259090 -49.754545 0.000000 0.70 0.70 0.70
108.541020 -97.082039 30.000000 108.541020 -97.082039 -30.000000 130.259090 -49.754545 0.000000 0.70 0.70 0.70
108.541020 -97.082039 -30.000000 127.082039 -48.541020 -60.000000 130.259090 -49.754545 0.000000 0.70 0.70 0.70
127.082039 -48.541020 -60.000000 145.623059 -0.000000 -30.000000 130.259090 -49.754545 0.000000 0.70 0.70 0.70
145.623059 -0.000000 30.000000 145.623059 -0.000000 -30.000000 130.259090 49.754545 0.000000 0.70 0.70 0.70
127.082039 48.541020 60.000000 145.623059 -0.000000 30.000000 130.259090 49.754545 0.000000 0.70 0.70 0.70
108.541020 97.082039 30.000000 127.082039 48.541020 60.000000 130.259090 49.754545 0.000000 0.70 0.70 0.70
108.541020 97.082039 -30.000000 108.541020 97.082039 30.000000 130.259090 49.754545 0.000000 0.70 0.70 0.70
127.082039 48.541020 -60.000000 108.541020 97.082039 -30.000000 130.259090 49.754545 0.000000 0.70 0.70 0.70
145.623059 -0.000000 -30.000000 127.082039 48.541020 -60.000000 130.259090 49.754545 0.000000 0.70 0.70 0.70
145.623059 -0.000000 -30.000000 127.082039 -48.541020 -60.000000 121.759999 0.000000 -75.251818 0.30 0.30 0.30
127.082039 -48.541020 -60.000000 97.082039 -30.000000 -108.541020 121.759999 0.000000 -75.251818 0.30 0.30 0.30
97.082039 -30.000000 -108.541020 97.082039 30.000000 -108.541020 121.759999 0.000000 -75.251818 0.30 0.30 0.30
97.082039 30.000000 -108.541020 127.082039 48.541020 -60.000000 121.759999 0.000000 -75.251818 0.30 0.30 0.30
127.082039 48.541020 -60.000000 145.623059 -0.000000 -30.000000 121.759999 0.000000 -75.251818 0.30 0.30 0.30
-145.623059 -0.000000 30.000000 -127.082039 -48.541020 60.000000 -121.759999 0.000000 75.251818 0.30 0.30 0.30
-127.082039 -48.541020 60.000000 -97.082039 -30.000000 108.541020 -121.759999 0.000000 75.251818 0.30 0.30 0.30
-97.082039 -30.000000 108.541020 -97.082039 30.000000 108.541020 -121.759999 0.000000 75.251818 0.30 0.30 0.30
-97.082039 30.000000 108.541020 -127.082039 48.541020 60.000000 -121.759999 0.000000 75.251818 0.30 0.30 0.30
-127.082039 48.541020 60.000000 -145.623059 -0.000000 30.000000 -121.759999 0.000000 75.251818 0.30 0.30 0.30
127.082039 -48.541020 60.000000 145.623059 -0.000000 30.000000 121.759999 0.000000 75.251818 0.30 0.30 0.30
97.082039 -30.000000 108.541020 127.082039 -48.541020 60.000000 121.759999 0.000000 75.251818 0.30 0.30 0.30
97.082039 30.000000 108.541020 97.082039 -30.000000 108.541020 121.759999 0.000000 75.251818 0.30 0.30 0.30
127.082039 48.541020 60.000000 97.082039 30.000000 108.541020 121.759999 0.000000 75.251818 0.30 0.30 0.30
145.623059 -0.000000 30.000000 127.082039 48.541020 60.000000 121.759999 0.000000 75.251818 0.30 0.30 0.30
-30.000000 -108.541020 -97.082039 -60.000000 -127.082039 -48.541020 -80.504545 -80.504545 -80.504545 0.70 0.70 0.70
-48.541020 -60.000000 -127.082039 -30.000000 -108.541020 -97.082039 -80.504545 -80.504545 -80.504545 0.70 0.70 0.70
-97.082039 -30.000000 -108.541020 -48.541020 -60.000000 -127.082039 -80.504545 -80.504545 -80.504545 0.70 0.70 0.70
-127.082039 -48.541020 -60.000000 -97.082039 -30.000000 -108.541020 -80.504545 -80.504545 -80.504545 0.70 0.70 0.70
-108.541020 -97.082039 -30.000000 -127.082039 -48.541020 -60.000000 -80.504545 -80.504545 -80.504545 0.70 0.70 0.70
-60.000000 -127.082039 -48.541020 -108.541020 -97.082039 -30.000000 -80.504545 -80.504545 -80.504545 0.70 0.70 0.70
60.000000 -127.082039 -48.541020 30.000000 -108.541020 -97.082039 80.504545 -80.504545 -80.504545 0.70 0.70 0.70
30.000000 -108.541020 -97.082039 48.541020 -60.000000 -127.082039 80.504545 -80.504545 -80.504545 0.70 0.70 0.70
48.541020 -60.000000 -127.082039 97.082039 -30.000000 -108.541020 80.504545 -80.504545 -80.504545 0.70 0.70 0.70
97.082039 -30.000000 -108.541020 127.082039 -48.541020 -60.000000 80.504545 -80.504545 -80.504545 0.70 0.70 0.70
127.082039 -48.541020 -60.000000 108.541020 -97.082039 -30.000000 80.504545 -80.504545 -80.504545 0.70 0.70 0.70
108.541020 -97.082039 -30.000000 60.000000 -127.082039 -48.541020 80.504545 -80.504545 -80.504545 0.70 0.70 0.70
-60.000000 127.082039 -48.541020 -30.000000 108.541020 -97.082039 -80.504545 80.504545 -80.504545 0.70 0.70 0.70
-30.000000 108.541020 -97.082039 -48.541020 60.000000 -127.082039 -80.504545 80.504545 -80.504545 0.70 0.70 0.70
-48.541020 60.000000 -127.082039 -97.082039 30.000000 -108.541020 -80.504545 80.504545 -80.504545 0.70 0.70 0.70
-97.082039 30.000000 -108.541020 -127.082039 48.541020 -60.000000 -80.504545 80.504545 -80.504545 0.70 0.70 0.70
-127.082039 48.541020 -60.000000 -108.541020 97.082039 -30.000000 -80.504545 80.504545 -80.504545 0.70 0.70 0.70
-108.541020 97.082039 -30.000000 -60.000000 127.082039 -48.541020 -80.504545 80.504545 -80.504545 0.70 0.70 0.70
30.000000 108.541020 -97.082039 60.000000 127.082039 -48.541020 80.504545 80.504545 -80.504545 0.70 0.70 0.70
48.541020 60.000000 -127.082039 30.000000 108.541020 -97.082039 80.504545 80.504545 -80.504545 0.70 0.70 0.70
97.082039 30.000000 -108.541020 48.541020 60.000000 -127.082039 80.504545 80.504545 -80.504545 0.70 0.70 0.70
127.082039 48.541020 -60.000000 97.082039 30.000000 -108.541020 80.504545 80.504545 -80.504545 0.70 0.70 0.70
108.541020 97.082039 -30.000000 127.082039 48.541020 -60.000000 80.504545 80.504545 -80.504545 0.70 0.70 0.70
60.000000 127.082039 -48.541020 108.541020 97.082039 -30.000000 80.504545 80.504545 -80.504545 0.70 0.70 0.70
-60.000000 -127.082039 48.541020 -30.000000 -108.541020 97.082039 -80.504545 -80.504545 80.504545 0.70 0.70 0.70
-30.000000 -108.541020 97.082039 -48.541020 -60.000000 127.082039 -80.504545 -80.504545 80.504545 0.70 0.70 0.70
-48.541020 -60.000000 127.082039 -97.082039 -30.000000 108.541020 -80.504545 -80.504545 80.504545 0.70 0.70 0.70
-97.082039 -30.000000 108.541020 -127.082039 -48.541020 60.000000 -80.504545 -80.504545 80.504545 0.70 0.70 0.70
-127.082039 -48.541020 60.000000 -108.541020 -97.082039 30.000000 -80.504545 -80.504545 80.504545 0.70 0.70 0.70
-108.541020 -97.082039 30.000000 -60.000000 -127.082039 48.541020 -80.504545 -80.504545 80.504545 0.70 0.70 0.70
30.000000 -108.541020 97.082039 60.000000 -127.082039 48.541020 80.504545 -80.504545 80.504545 0.70 0.70 0.70
48.541020 -60.000000 127.082039 30.000000 -108.541020 97.082039 80.504545 -80.504545 80.504545 0.70 0.70 0.70
97.082039 -30.000000 108.541020 48.541020 -60.000000 127.082039 80.504545 -80.504545 80.504545 0.70 0.70 0.70
127.082039 -48.541020 60.000000 97.082039 -30.000000 108.541020 80.504545 -80.504545 80.504545 0.70 0.70 0.70
108.541020 -97.082039 30.000000 127.082039 -48.541020 60.000000 80.504545 -80.504545 80.504545 0.70 0.70 0.70
60.000000 -127.082039 48.541020 108.541020 -97.082039 30.000000 80.504545 -80.504545 80.504545 0.70 0.70 0.70
-30.000000 108.541020 97.082039 -60.000000 127.082039 48.541020 -80.504545 80.504545 80.504545 0.70 0.70 0.70
-48.541020 60.000000 127.082039 -30.000000 108.541020 97.082039 -80.504545 80.504545 80.504545 0.70 0.70 0.70
-97.082039 30.000000 108.541020 -48.541020 60.000000 127.082039 -80.504545 80.504545 80.504545 0.70 0.70 0.70
-127.082039 48.541020 60.000000 -97.082039 30.000000 108.541020 -80.504545 80.504545 80.504545 0.70 0.70 0.70
-108.541020 97.082039 30.000000 -127.082039 48.541020 60.000000 -80.504545 80.504545 80.504545 0.70 0.70 0.70
-60.000000 127.082039 48.541020 -108.541020 97.082039 30.000000 -80.504545 80.504545 80.504545 0.70 0.70 0.70
60.000000 127.082039 48.541020 30.000000 108.541020 97.082039 80.504545 80.504545 80.504545 0.70 0.70 0.70
30.000000 108.541020 97.082039 48.541020 60.000000 127.082039 80.504545 80.504545 80.504545 0.70 0.70 0.70
48.541020 60.000000 127.082039 97.082039 30.000000 108.541020 80.504545 80.504545 80.504545 0.70 0.70 0.70
97.082039 30.000000 108.541020 127.082039 48.541020 60.000000 80.504545 80.504545 80.504545 0.70 0.70 0.70
127.082039 48.541020 60.000000 108.541020 97.082039 30.000000 80.504545 80.504545 80.504545 0.70 0.70 0.70
108.541020 97.082039 30.000000 60.000000 127.082039 48.541020 80.504545 80.504545 80.504545 0.70 0.70 0.70
